429.0 0.7853982
431.0 0.7853982
433.0 0.7853982
394.0 0.9075712
398.0 0.8901179
402.0 0.8901179
404.0 0.87266463
406.0 0.87266463
387.0 0.9250245
408.0 0.8552113
416.0 0.83775806
411.0 0.8552113
414.0 0.83775806
420.0 0.82030475
418.0 0.82030475
422.0 0.80285144
426.0 0.7853982
424.0 0.80285144
436.0 0.7853982
378.0 0.94247776
438.0 0.7853982
38.0 2.1816616
26.0 2.2514746
28.0 2.2340214
25.0 2.268928
31.0 2.2165682
35.0 2.1991148
24.0 2.2863812
42.0 2.1642082
369.0 0.9599311
46.0 2.146755
367.0 0.9599311
434.0 0.7679449
371.0 0.9599311
47.0 2.1293018
441.0 0.7853982
443.0 0.75049156
23.0 2.3038347
360.0 0.9773844
23.0 2.3561945
21.0 2.3561945
351.0 0.99483764
450.0 0.7330383
443.0 0.7853982
341.0 1.012291
453.0 0.7330383
25.0 2.3561945
18.0 2.3561945
457.0 0.715585
339.0 1.012291
455.0 0.7330383
343.0 1.012291
346.0 1.012291
463.0 0.6981317
331.0 1.0297443
16.0 2.3561945
335.0 1.0297443
337.0 1.012291
323.0 1.0471976
470.0 0.6806784
28.0 2.3561945
477.0 0.6632251
313.0 1.0646509
13.0 2.3561945
11.0 2.3561945
303.0 1.0821041